4
2282 -30
-991 -1113
1376 -1411
1730 421
131
-86 899
-1453 -571
-2381 2631
-408 1925
2551 1138
2850 2830
30 2674
754 2204
755 2770
-2127 -472
1764 -1369
451 1452
-1337 -884
2068 -2436
-36 -1051
489 -96
-2054 -922
67 1259
-1158 -2889
-2153 -1609
2754 -1377
2493 -204
-1342 976
1647 2505
2112 -298
1028 1502
-2180 -695
1553 -1613
-2448 -9
-2130 1399
-2333 -868
-935 705
-2247 50
1988 -1945
-289 2391
465 747
2027 2379
-329 245
-966 -2242
-102 583
365 2460
-1652 -2635
818 1883
-812 1538
421 -1217
811 1748
2138 -656
-2173 726
2455 -1108
-853 1505
1885 695
-103 2618
2134 -2616
2371 -1663
2530 -1588
2250 2690
-2803 183
-1862 -1897
-2113 -1197
2784 -1234
-2035 -2446
531 -1969
-1316 1613
1506 -213
1656 1842
687 -2754
1507 1290
1595 2566
-334 -1373
-1872 537
2408 -2045
1904 -887
-570 1018
1655 -941
-1690 2620
-58 755
-996 -2515
643 1434
-2732 -1031
1037 -2376
-1225 -312
-422 -2208
621 2107
-1713 -1197
1484 -1532
1334 2156
-2222 -649
-745 -2886
-1453 -1479
1498 563
2855 -449
-1419 1932
-997 2828
1139 1125
-2249 -2735
2402 -2199
486 -2392
-1135 -176
1273 1215
1388 219
-166 -45
471 2738
-1610 683
81 2550
1127 632
-9 1643
368 -2422
-2334 2121
-1790 542
1685 690
-1928 58
-1844 1323
-1038 637
-1227 -2727
-2411 2327
-1263 228
30 -1618
-2168 3
1976 -1261
645 1217
-150 1485
2895 15
170 -2137
329 11
2839 -359
-1283 -2166
2426 -2198
-749 2673
-1097 2044
879 650
-987 -89
14
2064 1696
-1001 2659
-1283 -911
2643 559
-2752 2367
2794 -2428
-2057 -517
59 1037
-1744 -1797
-2589 1659
-2669 844
714 -1994
698 -669
2028 -1945
